---
build/cocktails/green_mans_whiskers/thumbnail.jpg: 2021-11-16 17:31:03.569304133 -05:00
build/cocktails/fruity_old_fashioned/thumbnail.jpg: 2021-11-16 17:31:03.593304354
  -05:00
build/cocktails/southside_cocktail/thumbnail.jpg: 2021-11-16 17:24:40.397973274 -05:00
build/cocktails/gimlet/thumbnail.jpg: 2021-11-16 17:31:03.741305717 -05:00
build/cocktails/dark_and_stormy/thumbnail.jpg: 2021-11-16 17:31:03.189300634 -05:00
build/cocktails/sky_tai/thumbnail.jpg: 2021-11-16 17:31:03.693305275 -05:00
build/food/shrimp/thumbnail.jpg: 2021-11-16 17:31:03.849306712 -05:00
build/food/shrimp/img/1.jpg: 2021-11-06 20:10:58.375888702 -04:00
build/food/chili/thumbnail.jpg: 2021-11-16 17:24:33.929921432 -05:00
build/food/fried_rice/thumbnail.jpg: 2021-11-16 17:31:04.989317214 -05:00
build/food/banana_and_cinammon/thumbnail.jpg: 2021-11-16 17:31:05.269319794 -05:00
build/food/guacamole/thumbnail.jpg: 2021-11-16 17:24:42.873993168 -05:00
build/food/guacamole/img/1.jpg: 2021-11-06 20:00:49.756025898 -04:00
build/food/frozen_pizza/thumbnail.jpg: 2021-11-16 17:31:05.789324585 -05:00
build/food/breaded_chicken/thumbnail.jpg: 2021-11-16 17:31:05.613322964 -05:00
build/food/tzatziki/thumbnail.jpg: 2021-11-16 17:31:05.561322484 -05:00
build/food/falafel/thumbnail.jpg: 2021-11-16 17:31:06.625332290 -05:00
build/food/vegan_mush/thumbnail.jpg: 2021-11-16 17:31:06.477330926 -05:00
build/food/shrimp_tacos/thumbnail.jpg: 2021-11-16 17:31:06.933335128 -05:00
build/food/cookies/thumbnail.jpg: 2021-11-16 17:31:07.389339332 -05:00
build/img/portfolio/0002.jpg: 2021-11-16 17:31:10.401367107 -05:00
build/img/portfolio/0004.jpg: 2021-11-16 17:31:08.977353973 -05:00
build/img/portfolio/0010.jpg: 2021-11-16 17:24:45.986018210 -05:00
build/img/portfolio/0011.jpg: 2021-11-16 17:24:46.050018725 -05:00
build/img/portfolio/0005.jpg: 2021-11-16 17:31:08.973353936 -05:00
build/img/portfolio/0006.jpg: 2021-11-16 17:24:46.038018628 -05:00
build/img/portfolio/0008.jpg: 2021-11-16 17:24:45.978018145 -05:00
build/img/portfolio/0007.jpg: 2021-11-16 17:24:49.134043584 -05:00
build/img/portfolio/0009.jpg: 2021-11-16 17:31:11.421376517 -05:00
build/img/portfolio/0003.jpg: 2021-11-16 17:24:49.774048748 -05:00
build/img/portfolio/0001.jpg: 2021-11-16 17:31:13.333394162 -05:00
build/img/chicken_pot_pie.jpg: 2021-11-16 17:24:48.926041906 -05:00
build/projects/2016-05-10/thumbnail.jpg: 2021-11-16 17:31:12.177383492 -05:00
build/projects/2015-12-16/thumbnail.jpg: 2021-11-16 17:31:12.177383492 -05:00
