---
build/cocktails/green_mans_whiskers/thumbnail.jpg: 2021-11-16 17:24:40.389973210 -05:00
build/cocktails/fruity_old_fashioned/thumbnail.jpg: 2021-11-16 17:24:40.433973563
  -05:00
build/cocktails/southside_cocktail/thumbnail.jpg: 2021-11-16 17:24:40.397973274 -05:00
build/cocktails/gimlet/thumbnail.jpg: 2021-11-16 17:24:40.593974848 -05:00
build/cocktails/dark_and_stormy/thumbnail.jpg: 2021-11-16 17:24:39.965969805 -05:00
build/cocktails/sky_tai/thumbnail.jpg: 2021-11-16 17:24:40.549974495 -05:00
build/food/shrimp/thumbnail.jpg: 2021-11-16 17:24:40.893977257 -05:00
build/food/shrimp/img/1.jpg: 2021-11-06 20:10:58.375888702 -04:00
build/food/chili/thumbnail.jpg: 2021-11-16 17:24:33.929921432 -05:00
build/food/fried_rice/thumbnail.jpg: 2021-11-16 17:24:41.593982880 -05:00
build/food/banana_and_cinammon/thumbnail.jpg: 2021-11-16 17:24:42.521990338 -05:00
build/food/guacamole/thumbnail.jpg: 2021-11-16 17:24:42.873993168 -05:00
build/food/guacamole/img/1.jpg: 2021-11-06 20:00:49.756025898 -04:00
build/food/frozen_pizza/thumbnail.jpg: 2021-11-16 17:24:42.797992557 -05:00
build/food/breaded_chicken/thumbnail.jpg: 2021-11-16 17:24:42.233988023 -05:00
build/food/tzatziki/thumbnail.jpg: 2021-11-16 17:24:42.773992364 -05:00
build/food/falafel/thumbnail.jpg: 2021-11-16 17:24:43.493998154 -05:00
build/food/vegan_mush/thumbnail.jpg: 2021-11-16 17:24:43.357997060 -05:00
build/food/shrimp_tacos/thumbnail.jpg: 2021-11-16 17:24:43.053994615 -05:00
build/food/cookies/thumbnail.jpg: 2021-11-16 17:24:44.842008999 -05:00
build/img/portfolio/0002.jpg: 2021-11-16 17:24:47.626031424 -05:00
build/img/portfolio/0004.jpg: 2021-11-16 17:24:45.954017952 -05:00
build/img/portfolio/0010.jpg: 2021-11-16 17:24:45.986018210 -05:00
build/img/portfolio/0011.jpg: 2021-11-16 17:24:46.050018725 -05:00
build/img/portfolio/0005.jpg: 2021-11-16 17:24:46.058018790 -05:00
build/img/portfolio/0006.jpg: 2021-11-16 17:24:46.038018628 -05:00
build/img/portfolio/0008.jpg: 2021-11-16 17:24:45.978018145 -05:00
build/img/portfolio/0007.jpg: 2021-11-16 17:24:49.134043584 -05:00
build/img/portfolio/0009.jpg: 2021-11-16 17:24:48.922041874 -05:00
build/img/portfolio/0003.jpg: 2021-11-16 17:24:49.774048748 -05:00
build/img/portfolio/0001.jpg: 2021-11-16 17:24:49.630047586 -05:00
build/img/chicken_pot_pie.jpg: 2021-11-16 17:24:48.926041906 -05:00
build/projects/2016-05-10/thumbnail.jpg: 2021-11-16 17:24:47.698032005 -05:00
build/projects/2015-12-16/thumbnail.jpg: 2021-11-16 17:24:47.682031875 -05:00
