---
build/cocktails/green_mans_whiskers/thumbnail.jpg: 2021-11-06 20:10:57.859888743 -04:00
build/cocktails/fruity_old_fashioned/thumbnail.jpg: 2021-11-06 20:18:40.335876126
  -04:00
build/cocktails/southside_cocktail/thumbnail.jpg: 2021-11-06 20:00:46.976027125 -04:00
build/cocktails/gimlet/thumbnail.jpg: 2021-11-06 20:10:58.031888730 -04:00
build/cocktails/dark_and_stormy/thumbnail.jpg: 2021-11-13 00:27:33.141471841 -05:00
build/cocktails/sky_tai/thumbnail.jpg: 2021-11-13 00:27:33.601457966 -05:00
build/food/shrimp/thumbnail.jpg: 2021-11-06 20:10:58.295888708 -04:00
build/food/shrimp/img/1.jpg: 2021-11-06 20:10:58.375888702 -04:00
build/food/banana_and_cinammon/thumbnail.jpg: 2021-11-06 20:10:58.463888695 -04:00
build/food/guacamole/thumbnail.jpg: 2021-11-06 20:00:49.092026191 -04:00
build/food/guacamole/img/1.jpg: 2021-11-06 20:00:49.756025898 -04:00
build/food/frozen_pizza/thumbnail.jpg: 2021-11-06 20:11:00.107888562 -04:00
build/food/tzatziki/thumbnail.jpg: 2021-11-06 20:10:59.771888589 -04:00
build/food/vegan_mush/thumbnail.jpg: 2021-11-06 20:10:59.935888576 -04:00
build/food/shrimp_tacos/thumbnail.jpg: 2021-11-07 20:02:16.678755795 -05:00
build/food/cookies/thumbnail.jpg: 2021-11-06 20:11:00.667888518 -04:00
build/img/portfolio/0002.jpg: 2021-11-06 20:18:44.939876185 -04:00
build/img/portfolio/0004.jpg: 2021-11-06 20:11:00.815888506 -04:00
build/img/portfolio/0010.jpg: 2021-11-06 20:00:51.480025142 -04:00
build/img/portfolio/0011.jpg: 2021-11-06 20:00:52.740024592 -04:00
build/img/portfolio/0005.jpg: 2021-11-06 20:49:57.284738134 -04:00
build/img/portfolio/0006.jpg: 2021-11-06 20:00:53.368024317 -04:00
build/img/portfolio/0008.jpg: 2021-11-06 20:00:53.644024197 -04:00
build/img/portfolio/0007.jpg: 2021-11-06 20:00:56.372023013 -04:00
build/img/portfolio/0009.jpg: 2021-11-06 20:18:46.379876204 -04:00
build/img/portfolio/0003.jpg: 2021-11-06 20:00:55.836023245 -04:00
build/img/portfolio/0001.jpg: 2021-11-06 20:11:07.567887972 -04:00
build/img/chicken_pot_pie.jpg: 2021-11-13 00:27:42.637214866 -05:00
build/projects/2016-05-10/thumbnail.jpg: 2021-11-06 20:18:47.055876212 -04:00
build/projects/2015-12-16/thumbnail.jpg: 2021-11-06 20:11:05.747888115 -04:00
