---
build/images/portfolio/0002.jpg: 2020-09-19 11:37:18.067290077 -04:00
build/images/portfolio/0004.jpg: 2020-09-14 21:00:54.201854012 -04:00
build/images/portfolio/0010.jpg: 2020-09-28 22:16:26.689707913 -04:00
build/images/portfolio/0011.jpg: 2020-09-28 22:16:26.805708978 -04:00
build/images/portfolio/0005.jpg: 2020-09-16 21:59:06.307676495 -04:00
build/images/portfolio/0006.jpg: 2020-09-14 21:00:54.265854598 -04:00
build/images/portfolio/0008.jpg: 2020-09-14 21:00:54.101853097 -04:00
build/images/portfolio/0007.jpg: 2020-09-14 21:00:55.661867372 -04:00
build/images/portfolio/0009.jpg: 2020-09-14 21:00:54.161853646 -04:00
build/images/portfolio/0003.jpg: 2020-09-16 22:15:26.707972374 -04:00
build/images/portfolio/0001.jpg: 2020-09-14 21:00:56.221872496 -04:00
build/images/food/sinnamonana/thumbnail.jpg: 2020-11-19 19:04:57.490967287 -05:00
build/images/food/struggle_pizza/thumbnail.jpg: 2020-11-17 21:46:54.584555869 -05:00
build/images/food/elf_blood_guac/thumbnail.jpg: 2020-11-19 19:04:57.974970340 -05:00
build/images/food/elf_blood_guac/screenshots/1.jpg: 2020-11-19 19:04:58.322972535
  -05:00
build/images/food/blessed_cookies/thumbnail.jpg: 2020-11-17 21:29:20.020446219 -05:00
build/images/food/mush_de_vegan/thumbnail.jpg: 2020-11-19 19:04:57.782969129 -05:00
build/images/food/supreme_tzatziki/thumbnail.jpg: 2020-11-19 19:04:59.482979853 -05:00
build/images/food/red_scare_shrimp/thumbnail.jpg: 2020-11-19 19:04:59.822981998 -05:00
build/images/food/red_scare_shrimp/screenshots/1.jpg: 2020-11-19 19:05:00.066983538
  -05:00
build/images/projects/2016-05-10/thumbnail.jpg: 2020-09-16 21:59:09.219719905 -04:00
build/images/projects/2015-12-16/thumbnail.jpg: 2020-09-14 21:00:56.125871617 -04:00
