---
build/cocktails/green_mans_whiskers/thumbnail.jpg: 2021-11-06 20:00:46.968027128 -04:00
build/cocktails/fruity_old_fashioned/thumbnail.jpg: 2021-11-06 20:00:46.996027115
  -04:00
build/cocktails/southside_cocktail/thumbnail.jpg: 2021-11-06 20:00:46.976027125 -04:00
build/cocktails/gimlet/thumbnail.jpg: 2021-11-06 20:00:47.244027005 -04:00
build/cocktails/dark_and_stormy/thumbnail.jpg: 2021-11-06 20:00:46.908027154 -04:00
build/food/shrimp/thumbnail.jpg: 2021-11-06 20:00:47.548026871 -04:00
build/food/shrimp/img/1.jpg: 2021-11-06 20:00:47.660026822 -04:00
build/food/banana_and_cinammon/thumbnail.jpg: 2021-11-06 20:00:47.548026871 -04:00
build/food/guacamole/thumbnail.jpg: 2021-11-06 20:00:49.092026191 -04:00
build/food/guacamole/img/1.jpg: 2021-11-06 20:00:49.756025898 -04:00
build/food/frozen_pizza/thumbnail.jpg: 2021-11-06 20:00:49.584025974 -04:00
build/food/tzatziki/thumbnail.jpg: 2021-11-06 20:00:48.828026306 -04:00
build/food/vegan_mush/thumbnail.jpg: 2021-11-06 20:00:49.112026182 -04:00
build/food/cookies/thumbnail.jpg: 2021-11-06 20:00:50.396025618 -04:00
build/img/portfolio/0002.jpg: 2021-11-06 20:00:53.312024342 -04:00
build/img/portfolio/0004.jpg: 2021-11-06 20:00:50.520025563 -04:00
build/img/portfolio/0010.jpg: 2021-11-06 20:00:51.480025142 -04:00
build/img/portfolio/0011.jpg: 2021-11-06 20:00:52.740024592 -04:00
build/img/portfolio/0005.jpg: 2021-11-06 20:00:52.668024623 -04:00
build/img/portfolio/0006.jpg: 2021-11-06 20:00:53.368024317 -04:00
build/img/portfolio/0008.jpg: 2021-11-06 20:00:53.644024197 -04:00
build/img/portfolio/0007.jpg: 2021-11-06 20:00:56.372023013 -04:00
build/img/portfolio/0009.jpg: 2021-11-06 20:00:55.152023541 -04:00
build/img/portfolio/0003.jpg: 2021-11-06 20:00:55.836023245 -04:00
build/img/portfolio/0001.jpg: 2021-11-06 20:00:55.996023175 -04:00
build/projects/2016-05-10/thumbnail.jpg: 2021-11-06 20:00:54.756023713 -04:00
build/projects/2015-12-16/thumbnail.jpg: 2021-11-06 20:00:55.120023555 -04:00
