---
build/blog/2021-12-19/understanding_power_by_noam_chomsky.jpg: 2021-12-19 23:15:47.112422501
  -05:00
build/blog/2021-12-19/the_eye_of_the_world_by_robert_jordan.jpg: 2021-12-19 23:15:47.496430595
  -05:00
build/blog/2021-12-19/remina_by_junji_ito.jpg: 2021-12-21 23:53:11.411413367 -05:00
build/blog/2021-12-19/norse_mythology_by_neil_gaiman.jpg: 2021-12-19 23:01:44.956335468
  -05:00
build/blog/2021-12-19/sandcastles_by_frederik_peeters_and_pierre_oscar_levy.jpg: 2021-12-21
  23:53:11.171414202 -05:00
build/blog/2021-12-19/on_writing_by_stephen_king.jpg: 2021-12-20 21:11:00.506311742
  -05:00
build/blog/2021-12-19/the_joy_of_mixology_by_gary_regan.jpg: 2021-12-20 20:12:11.863029300
  -05:00
build/blog/2021-12-19/infrastructure_by_brian_hayes.jpg: 2021-12-21 23:53:11.055414605
  -05:00
build/blog/2021-12-19/the_drifting_classroom_by_kazuo_umezz.jpg: 2021-12-20 20:12:11.695030364
  -05:00
build/blog/2021-12-19/the_greek_myths_by_robert_graves.jpg: 2021-12-19 23:01:45.184344921
  -05:00
build/blog/2021-12-19/d_aulaires_book_of_greek_myths.jpg: 2021-12-20 20:12:12.147027501
  -05:00
build/blog/2021-12-19/the_odyssey_translated_by_emily_wilson.jpg: 2021-12-20 20:12:12.279026664
  -05:00
build/cocktails/green_mans_whiskers/thumbnail.jpg: 2021-11-16 17:31:03.569304133 -05:00
build/cocktails/tequila_sunrise/thumbnail.jpg: 2021-12-19 22:59:41.910825792 -05:00
build/cocktails/southside_cocktail/thumbnail.jpg: 2021-11-16 17:24:40.397973274 -05:00
build/cocktails/pina_colada/thumbnail.jpg: 2021-12-06 19:19:28.326472624 -05:00
build/food/shrimp/thumbnail.jpg: 2021-11-16 17:31:03.849306712 -05:00
build/food/shrimp/img/1.jpg: 2021-11-06 20:10:58.375888702 -04:00
build/food/chili/thumbnail.jpg: 2021-11-16 17:24:33.929921432 -05:00
build/food/fried_rice/thumbnail.jpg: 2021-11-16 17:31:04.989317214 -05:00
build/food/banana_and_cinammon/thumbnail.jpg: 2021-11-16 17:31:05.269319794 -05:00
build/food/guacamole/thumbnail.jpg: 2021-11-16 17:24:42.873993168 -05:00
build/food/guacamole/img/1.jpg: 2021-11-06 20:00:49.756025898 -04:00
build/food/frozen_pizza/thumbnail.jpg: 2021-11-16 17:31:05.789324585 -05:00
build/food/breaded_chicken/thumbnail.jpg: 2021-11-16 17:31:05.613322964 -05:00
build/food/tzatziki/thumbnail.jpg: 2021-11-16 17:31:05.561322484 -05:00
build/food/vegan_mush/thumbnail.jpg: 2021-11-16 17:31:06.477330926 -05:00
build/food/shrimp_tacos/thumbnail.jpg: 2021-11-16 17:43:11.176365166 -05:00
build/food/cookies/thumbnail.jpg: 2021-11-16 17:31:07.389339332 -05:00
build/img/pilk.jpg: 2021-11-22 21:01:15.343839916 -05:00
build/img/portfolio/0002.jpg: 2021-11-16 17:43:15.712410596 -05:00
build/img/portfolio/0004.jpg: 2021-11-16 17:31:08.977353973 -05:00
build/img/portfolio/0010.jpg: 2021-11-16 17:24:45.986018210 -05:00
build/img/portfolio/0011.jpg: 2021-11-16 17:24:46.050018725 -05:00
build/img/portfolio/0005.jpg: 2021-11-16 17:44:38.041124500 -05:00
build/img/portfolio/0006.jpg: 2021-11-16 17:24:46.038018628 -05:00
build/img/portfolio/0008.jpg: 2021-11-16 17:24:45.978018145 -05:00
build/img/portfolio/0007.jpg: 2021-11-16 17:24:49.134043584 -05:00
build/img/portfolio/0009.jpg: 2021-11-16 17:43:18.316436680 -05:00
build/img/portfolio/0003.jpg: 2021-11-16 17:24:49.774048748 -05:00
build/img/portfolio/0001.jpg: 2021-11-16 17:31:13.333394162 -05:00
build/img/chicken_pot_pie.jpg: 2021-11-16 17:24:48.926041906 -05:00
build/projects/2016-05-10/thumbnail.jpg: 2021-11-16 17:43:18.420437722 -05:00
build/projects/2015-12-16/thumbnail.jpg: 2021-11-16 17:31:12.177383492 -05:00
