---
build/images/portfolio/0002.jpg: 2020-09-19 11:37:18.067290077 -04:00
build/images/portfolio/0004.jpg: 2020-09-14 21:00:54.201854012 -04:00
build/images/portfolio/0010.jpg: 2020-09-28 22:16:26.689707913 -04:00
build/images/portfolio/0011.jpg: 2020-09-28 22:16:26.805708978 -04:00
build/images/portfolio/0005.jpg: 2020-09-16 21:59:06.307676495 -04:00
build/images/portfolio/0006.jpg: 2020-09-14 21:00:54.265854598 -04:00
build/images/portfolio/0008.jpg: 2020-09-14 21:00:54.101853097 -04:00
build/images/portfolio/0007.jpg: 2020-09-14 21:00:55.661867372 -04:00
build/images/portfolio/0009.jpg: 2020-09-14 21:00:54.161853646 -04:00
build/images/portfolio/0003.jpg: 2020-09-16 22:15:26.707972374 -04:00
build/images/portfolio/0001.jpg: 2020-09-14 21:00:56.221872496 -04:00
build/images/food/shrimp/thumbnail.jpg: 2021-10-17 12:28:12.699594051 -04:00
build/images/food/shrimp/screenshots/1.jpg: 2021-10-17 12:28:12.975594716 -04:00
build/images/food/banana_and_cinammon/thumbnail.jpg: 2021-10-17 12:28:12.775594234
  -04:00
build/images/food/guacamole/thumbnail.jpg: 2021-10-17 12:28:13.463595892 -04:00
build/images/food/guacamole/screenshots/1.jpg: 2021-10-17 12:28:13.787596673 -04:00
build/images/food/frozen_pizza/thumbnail.jpg: 2021-10-17 12:28:13.347595612 -04:00
build/images/food/tzatziki/thumbnail.jpg: 2021-10-17 12:28:15.175600017 -04:00
build/images/food/vegan_mush/thumbnail.jpg: 2021-10-17 12:28:16.359602870 -04:00
build/images/food/cookies/thumbnail.jpg: 2021-10-17 12:28:16.607603467 -04:00
build/images/projects/2016-05-10/thumbnail.jpg: 2020-09-16 21:59:09.219719905 -04:00
build/images/projects/2015-12-16/thumbnail.jpg: 2020-09-14 21:00:56.125871617 -04:00
