---
build/images/portfolio/0002.jpg: 2020-09-19 11:37:18.067290077 -04:00
build/images/portfolio/0004.jpg: 2020-09-14 21:00:54.201854012 -04:00
build/images/portfolio/0010.jpg: 2020-09-28 22:16:26.689707913 -04:00
build/images/portfolio/0011.jpg: 2020-09-28 22:16:26.805708978 -04:00
build/images/portfolio/0005.jpg: 2020-09-16 21:59:06.307676495 -04:00
build/images/portfolio/0006.jpg: 2020-09-14 21:00:54.265854598 -04:00
build/images/portfolio/0008.jpg: 2020-09-14 21:00:54.101853097 -04:00
build/images/portfolio/0007.jpg: 2020-09-14 21:00:55.661867372 -04:00
build/images/portfolio/0009.jpg: 2020-09-14 21:00:54.161853646 -04:00
build/images/portfolio/0003.jpg: 2020-09-16 22:15:26.707972374 -04:00
build/images/portfolio/0001.jpg: 2020-09-14 21:00:56.221872496 -04:00
build/images/food/sinnamonana/thumbnail.jpg: 2020-11-17 21:29:19.976445877 -05:00
build/images/food/sinnamonana/screenshots/1.jpg: 2020-11-17 21:29:19.996446033 -05:00
build/images/food/struggle_pizza/thumbnail.jpg: 2020-11-17 21:29:20.040446375 -05:00
build/images/food/struggle_pizza/screenshots/1.jpg: 2020-11-17 21:29:20.020446219
  -05:00
build/images/food/blessed_cookies/thumbnail.jpg: 2020-11-17 21:29:20.020446219 -05:00
build/images/food/blessed_cookies/screenshots/1.jpg: 2020-11-17 21:29:20.004446095
  -05:00
build/images/food/mush_de_vegan/thumbnail.jpg: 2020-11-17 21:29:23.724475072 -05:00
build/images/food/mush_de_vegan/screenshots/1.jpg: 2020-11-17 21:29:23.412472638 -05:00
build/images/food/red_scare_shrimp/thumbnail.jpg: 2020-11-17 21:29:23.388472450 -05:00
build/images/food/red_scare_shrimp/screenshots/1.jpg: 2020-11-17 21:29:24.104478038
  -05:00
build/images/food/red_scare_shrimp/screenshots/2.jpg: 2020-11-17 21:29:23.428472763
  -05:00
build/images/projects/2016-05-10/thumbnail.jpg: 2020-09-16 21:59:09.219719905 -04:00
build/images/projects/2015-12-16/thumbnail.jpg: 2020-09-14 21:00:56.125871617 -04:00
