---
build/images/portfolio/0002.jpg: 2020-09-14 20:59:35.473131915 -04:00
build/images/portfolio/0004.jpg: 2020-09-14 20:59:35.141128862 -04:00
build/images/portfolio/0005.jpg: 2020-09-14 20:59:35.197129377 -04:00
build/images/portfolio/0006.jpg: 2020-09-14 20:59:35.213129524 -04:00
build/images/portfolio/0008.jpg: 2020-09-14 20:57:53.216188404 -04:00
build/images/portfolio/0007.jpg: 2020-09-14 20:57:54.016195813 -04:00
build/images/portfolio/0009.jpg: 2020-09-14 20:57:53.964195331 -04:00
build/images/portfolio/0003.jpg: 2020-09-14 20:59:35.193129340 -04:00
build/images/portfolio/0001.jpg: 2020-09-14 20:57:55.780212149 -04:00
build/images/projects/2016-05-10/thumbnail.jpg: 2020-09-14 20:59:35.493132098 -04:00
build/images/projects/2015-12-16/thumbnail.jpg: 2020-09-14 20:58:15.220392028 -04:00
