---
build/images/portfolio/0002.jpg: 2020-09-14 21:00:56.117871544 -04:00
build/images/portfolio/0004.jpg: 2020-09-14 21:00:54.201854012 -04:00
build/images/portfolio/0005.jpg: 2020-09-14 21:00:54.249854452 -04:00
build/images/portfolio/0006.jpg: 2020-09-14 21:00:54.265854598 -04:00
build/images/portfolio/0008.jpg: 2020-09-14 21:00:54.101853097 -04:00
build/images/portfolio/0007.jpg: 2020-09-14 21:00:55.661867372 -04:00
build/images/portfolio/0009.jpg: 2020-09-14 21:00:54.161853646 -04:00
build/images/portfolio/0003.jpg: 2020-09-14 21:00:54.285854781 -04:00
build/images/portfolio/0001.jpg: 2020-09-14 21:00:56.221872496 -04:00
build/images/projects/2016-05-10/thumbnail.jpg: 2020-09-14 21:00:56.125871617 -04:00
build/images/projects/2015-12-16/thumbnail.jpg: 2020-09-14 21:00:56.125871617 -04:00
