---
build/images/portfolio/0002.jpg: 2020-09-19 11:37:18.067290077 -04:00
build/images/portfolio/0004.jpg: 2020-09-14 21:00:54.201854012 -04:00
build/images/portfolio/0010.jpg: 2020-09-28 22:16:26.689707913 -04:00
build/images/portfolio/0011.jpg: 2020-09-28 22:16:26.805708978 -04:00
build/images/portfolio/0005.jpg: 2020-09-16 21:59:06.307676495 -04:00
build/images/portfolio/0006.jpg: 2020-09-14 21:00:54.265854598 -04:00
build/images/portfolio/0008.jpg: 2020-09-14 21:00:54.101853097 -04:00
build/images/portfolio/0007.jpg: 2020-09-14 21:00:55.661867372 -04:00
build/images/portfolio/0009.jpg: 2020-09-14 21:00:54.161853646 -04:00
build/images/portfolio/0003.jpg: 2020-09-16 22:15:26.707972374 -04:00
build/images/portfolio/0001.jpg: 2020-09-14 21:00:56.221872496 -04:00
build/images/cocktails/fruity_old_fashioned/thumbnail.jpg: 2021-10-25 20:09:52.676935400
  -04:00
build/images/cocktails/southside_cocktail/thumbnail.jpg: 2021-10-25 20:01:37.021728612
  -04:00
build/images/cocktails/gimlet/thumbnail.jpg: 2021-10-25 20:09:52.904937179 -04:00
build/images/cocktails/dark_and_stormy/thumbnail.jpg: 2021-10-25 20:01:36.509726241
  -04:00
build/images/food/shrimp/thumbnail.jpg: 2021-10-17 13:07:53.849463736 -04:00
build/images/food/shrimp/screenshots/1.jpg: 2021-10-17 13:07:54.081464288 -04:00
build/images/food/banana_and_cinammon/thumbnail.jpg: 2021-10-17 13:07:53.933463935
  -04:00
build/images/food/guacamole/thumbnail.jpg: 2021-10-17 12:28:13.463595892 -04:00
build/images/food/guacamole/screenshots/1.jpg: 2021-10-17 12:28:13.787596673 -04:00
build/images/food/frozen_pizza/thumbnail.jpg: 2021-10-17 13:07:54.385465010 -04:00
build/images/food/tzatziki/thumbnail.jpg: 2021-10-17 13:07:56.509470060 -04:00
build/images/food/vegan_mush/thumbnail.jpg: 2021-10-17 13:07:57.817473170 -04:00
build/images/food/cookies/thumbnail.jpg: 2021-10-17 13:07:58.029473674 -04:00
build/images/projects/2016-05-10/thumbnail.jpg: 2020-09-16 21:59:09.219719905 -04:00
build/images/projects/2015-12-16/thumbnail.jpg: 2020-09-14 21:00:56.125871617 -04:00
