---
build/mstile-150x150.png: 2020-09-14 20:24:14.449811130 -04:00
build/android-chrome-192x192.png: 2020-09-14 20:24:14.233809416 -04:00
build/favicon-32x32.png: 2020-09-14 20:24:13.713805292 -04:00
build/images/fe_portrait.png: 2020-09-14 20:24:15.873822423 -04:00
build/images/portfolio/0002.jpg: 2020-09-14 20:24:13.937807069 -04:00
build/images/portfolio/0004.jpg: 2020-09-14 20:24:14.881814556 -04:00
build/images/portfolio/0005.jpg: 2020-09-14 20:24:13.933807037 -04:00
build/images/portfolio/0006.jpg: 2020-09-14 20:24:13.901806783 -04:00
build/images/portfolio/0003.jpg: 2020-09-14 20:24:13.949807164 -04:00
build/images/portfolio/0001.jpg: 2020-09-14 20:24:15.545819822 -04:00
build/images/fe_portrait_idle.gif: 2020-09-14 20:24:14.701813128 -04:00
build/images/portrait.png: 2020-09-14 20:24:18.857846084 -04:00
build/images/projects/2011-12-02/thumbnail.png: 2020-09-14 20:24:19.241849129 -04:00
build/images/projects/2011-12-02/screenshots/3.png: 2020-09-14 20:24:38.562002216
  -04:00
build/images/projects/2011-12-02/screenshots/2.png: 2020-09-14 20:24:32.653955422
  -04:00
build/images/projects/2011-12-02/screenshots/1.png: 2020-09-14 20:24:37.285992111
  -04:00
build/images/projects/2014-04-10/thumbnail.png: 2020-09-14 20:24:17.437834825 -04:00
build/images/projects/2014-04-10/screenshots/3.png: 2020-09-14 20:24:39.890012732
  -04:00
build/images/projects/2014-04-10/screenshots/2.png: 2020-09-14 20:24:35.165975320
  -04:00
build/images/projects/2014-04-10/screenshots/1.png: 2020-09-14 20:24:28.409921797
  -04:00
build/images/projects/2013-02-01/thumbnail.png: 2020-09-14 20:24:19.189848717 -04:00
build/images/projects/2016-05-10/thumbnail.jpg: 2020-09-14 20:24:19.249849192 -04:00
build/images/projects/2018-12-01/thumbnail.png: 2020-09-14 20:24:42.182030880 -04:00
build/images/projects/2014-04-02/thumbnail.png: 2020-09-14 20:24:41.298023881 -04:00
build/images/projects/2012-12-20/thumbnail.png: 2020-09-14 20:24:39.278007886 -04:00
build/images/projects/2015-12-16/thumbnail.jpg: 2020-09-14 20:24:38.566002248 -04:00
build/images/projects/2017-05-18/thumbnail.png: 2020-09-14 20:24:41.730027301 -04:00
build/images/projects/2017-08-01/thumbnail.png: 2020-09-14 20:24:40.346016343 -04:00
build/images/projects/2013-04-24/thumbnail.png: 2020-09-14 20:24:40.490017483 -04:00
build/images/projects/2019-02-03/thumbnail.png: 2020-09-14 20:24:40.210015266 -04:00
build/images/projects/2018-06-05/thumbnail.png: 2020-09-14 20:24:40.178015013 -04:00
build/images/projects/2011-12-01/thumbnail.png: 2020-09-14 20:24:45.114054091 -04:00
build/images/projects/2011-12-01/screenshots/2.png: 2020-09-14 20:24:46.534065332
  -04:00
build/images/projects/2011-12-01/screenshots/1.png: 2020-09-14 20:24:47.474072772
  -04:00
build/images/projects/2014-04-28/thumbnail.png: 2020-09-14 20:24:44.494049183 -04:00
build/images/projects/2019-04-15/thumbnail.png: 2020-09-14 20:24:54.170125758 -04:00
build/images/projects/2014-08-25/thumbnail.png: 2020-09-14 20:24:57.330150757 -04:00
build/favicon-16x16.png: 2020-09-14 20:24:53.902123638 -04:00
build/android-chrome-256x256.png: 2020-09-14 20:24:54.602129176 -04:00
build/apple-touch-icon.png: 2020-09-14 20:24:54.330127025 -04:00
